877680020980649984
710604199767048273
878029546853662750
877667793988894722
840029290321674270
877679332380794880
661636149466628107
736505882531069974
559121439169445889
723622883338879086
188165339647967233
878032028031926383
716780484457398402
878038393014091807
339857711602860033
821568302786281512
557628352828014614
593547362232696856
879905160518832158
877681465624780810
739934941663723620
877672306778964048
866052338104139806
879212899342614539
681977964753190939
681925646317912185
527841648051355669
877668283841671258
769223795704594442
764913165242728478
878041474523091045
852168714182983730
812764940175147018
547195830650798080
611380735374393355
734961302685876296
804855482019610634
732520371357745163
398871650856337425
769372167863009331
787761023410372609
322005630766284801
854017958492766260
878031551898722325
435339075495395328
752544229690966086
852837679259451422
841101819341570079
407210007147315201
877670327440773150
757394950534070324
859997273580503102
814538705070456832
866993594573651988
876377989946953768
879903728902209626
838781308696133632
92468381923409920
768921103463612426
809852831033065472
878036118321389599
720816054128869396
730384708969562143
724044914354159667
706380489770008597
500662227209158657
586697973635874826
852232444517416983
877669360997650453
876381163101511681
254440846735179777
787460096518520874
860680124935438366
850599784137490442
878030836228837396
850397498526924852
877671569546182717
828498657863139342
696068246134194246
879905162024583289
631322279560740884
879905160388816998
677199713195261982
798152582543179827
876381079530000414
720430030026702888
725115365700403263
549974236140404746
782303017310879744
876382571162894336
641011752376729611
769957937019617280
319304917858910209
876380615178596352
742909949851598868
513742634947444746
865756385315913778
842477048630083585
834976821433860126
783821509398757376
344218298428293121
525179144473018388
876379740829810708
804946929162518528
878037508481499208
877681132462825503
701821334644195518
857533435870314536
837743953255202887
356901178774388737
878040775663976519
873321068776017991
360974044981624842
690143245673431090
785996964385783818
641662586433306645
877677069348257852
877679862058479698
744730422730293288
879905159365414922
807485915974991883
238150399771541505
878040331726229574
399608675469230082
762332669777674281
877671511236947980
878037939085529108
559465590805233671
713579531935416331
852798988436635679
854786724977967115
701833782252011633
645390276805918770
877672649843687464
409469951338872842
877668369724235866
754176680352022619
876380455442743327
800890916390305813
706372037538742272
659606798843510784
803316750564327454
433314227675988002
831956342721740801
878031558538326117
690879627056644128
699690934429941920
866751819698667600
586587016267956226
576831151289794563
314618855009943553
514780895916457986
584828212274790420
866558356906835968
878030824786763817
768497555432013854
814915247496232980
702611084451774474
849176527610445844
720944097040531537
737493328823713923
878040743665602580
820441112732368980
792670660140859402
878038651483852801
849815879717879850
877668618823929886
877671566480121937
855109300187824139
879905160200065026
869182434036564008
828739656203370507
759855902462443550
879903726830235650
739191482090520687
769833441537163276
782660165434081290
335139088871194624
516958431694028802
328886305901772800
835117978235568148
646438991767273472
741761255261339671
876379963949985852
713851170321596538
763018622419337246
878039755470807110
713296680333738095
594631412393443348
870366037378465792
768824298084892672
589281760542457856
816800306172133377
752926193464115334
845651973151260713
323940561633673216
635318005341093888
827570456973672520
877683061804916767
783061298648580136
879905160715976715
792795174123077652
777570113628405800
749505842935758899
874701207648735303
718181558615277610
579431120261611528
770720224198524969
731406197693087809
826507887387213824
876378737027993631
877667919700566048
878040329318727700
675988377711149076
864314180163862558
705237911431282729
878038455777628220
487965819884797954
859317434098778113
877676617529434182
877679058857635921
707705346793406534
708122658356723832
740133148981198858
444131547638005760
546157126926598144
817250018057912331
876379365859008522
856805397977235456
704076227375267890
853910934144942080
556468273122639894
820843688073887794
479748942171471880
519315954275057685
878032790384427019
796702643379634206
878035591801999410
877678769849106532
877680246206378074
409794100561313812
622966750509662220
725836010100883496
878040291234439201
665561788439593010
774051520336363521
877668455875223593
708268258612215870
773062205905043457
642028400143237131
722709490914295859
724733877884813382
877670102697377822
878389589860057148
878039567310155807
878042985739190303
407680140727025664
865758526159454228
877681157238575125
853318959234809916
805453499156004924
850316905666445312
713133345751695410
877667929133572177
347465845011775489
839337872654204964
869515863286493205
878042671921389568
877682414552514590
878031960566558721
876624509715755069
877670184054317076
825998371138306058
866841060382736445
442140882616188928
752705462583164978
455745764807671808
742032009039183883
878041055986085918
866289536887947294
878031624682500196
876381571995828254
725171891194822717
817332526929412116
878028688862633994
878642115033333801
876378756925751316
767227612912812033
537248716697108482
781082467054518294
852802845094838312
850621960341553183
806734438607618048
751978571429445674
711620634592935947
878032594493661185
782414822854885376
878040360306245712
774983036127150080
305414359247618053
850009015983407125
841487036233416714
876379344212230195
878030816855343165
669561423948546086
690058752950272012
756558652583837706
608792369000612020
211224665488621568
858690508234948649
814787369797419018
877313706457960518
788243838589337610
691404269840236704
405149937698078720
878031202806825020
850476251395260477
696447548331655269
854177008326279188
877952490287538246
535042692464246785
795978642760400906
877669514140061767
663525367218176035
878032163075940383
801656661310832661
700620102025871370
866255531957682186
795818243617062993
832794021339463732
380061501886562307
876381601100099595
692444829694558208
364598308347314177
878029398744387584
876382050926620693
399429646749270016
876381180499484674
882602694194376745
774890362493730826
522225321236496385
473833891359227904
880224207294844989
676951673045778452
420916006203162624
876379055535042590
782477005127680061
699001237621964912
878032933263388733
702617525640495214
878036802445930598
495684036652695563
381869990602866688
877678035569098763
852550403845128194
828403401331048498
878039363144007711
878031254266724383
846422140597043240
810290595502489641
849074449327063070
877671990721392660
869354707955642470
440996323156819968
634446402474213404
456134172491251723
631235149962412052
780278071969841192
880306471324250132
786570699304206356
512022796147097613
877671933272006716
876378412686671892
793260787522207744
761776568690540544
830711545721520128
859437189376376893
346831582134403074
876382187874840667
877681507236450325
761050325683011604
876380291005022239
877128133768265759
822914892000002128
454663350706765825
850412271204171816
850591585720598548
264792287265947649
766049084812558407
879905160472719410
877668711178305617
744274286633811999
876382618621448202
572730955320786954
471096470561619980
756344099128475741
829455903308513331
868101573316857866
876382325162803250
792103143886159912
740842965660074024
878033059600019456
879903727220297809
669677698968191009
219582364253290506
738555560286486528
877679145503563817
581459827654524949
878040244916744193
831641972941914174
814614254991704095
809930710549921812
878040776402169856
678695391641731126
584103695025963019
697657299220693012
766625289970253826
878032067802329108
868574850405507083
762004481910898699
513129288283979782
731735910428966986
483750492258959380
806515863595122698
768048674507849738
864024160171065364
878098735912058901
761667934694801408
301112795196293131
876378746662314014
711592490150658089
799605454892302346
795790811898839052
878028622986903563
869413228621467688
767113479777157181
795418225919000616
598803748554276894
774712375642554398
818146649180078091
846771721432334346
876382207583879171
871947649127964712
702420672449740931
854727546989051974
879903728361168916
879903728432476180
877678083862327357
620467982165999616
877669345759727626
706308496391405648
830395352724537344
828900853804171265
471795868782034944
670547234672214016
802770973937762307
768396819289079828
878039314926297088
793395338592387082
867283398967689246
760731083561369600
683659888739876868
330819907283451904
856102142074552361
636581079246962725
817535162078068826
748371031810637975
879905161701638154
850784754297995264
809384144881713173
749397435956330497
830571894292873236
876382607061942272
878037548881023007
734881559252828221
576888121870909450
878029062449270785
755448928845037589
688612649105096714
419669594551353354
867901039016673291
296402461223288853
744079572152090624
753706630931153147
842879710287757353
798026290304909353
647219440076718120
617818324474265616
754953227241259019
878043100134658088
809890248824848394
656581671016988701
879903728608608327
749436921255690392
294661180474130432
775476268145705001
870627589499260938
820742087641006090
689396811672059908
757412816155181148
819467416844238889
876379560680226866
758793095302610965
756982491482554500
853705559392124948
398546536595980291
782561600501841931
878037361974460427
797012931120201728
809643359551488003
737226530857680917
877670341751750666
878041482517426246
692016990797430875
745058400454443109
547897236890320909
344663656556134411
876381564446064640
877679313380589638
608405420767313974
876379222799695914
684712850631032862
878039525845241896
489453496194826240
671067623840284720
877677075706818661
821278226491899924
879903729204224020
765234004516405279
716504703625854987
850991588448796683
476105715920928768
815980926634033163
681243216791732277
878031822162907177
877682438300651581
879905160497856542
761264407888003093
814158212763877388
878031257982873630
878029012214104114
563895062161915939
818596470676520980
879905159273140354
683463604082966574
850450122692231221
748702459110621214
877677286625775626
796535520061947924
879905160938291200
614856989490675798
774040969195814963
846609507375382558
583738792163147952
835631463210549309
884100613309354064
716572798474125353
437366620768174095
864943657269854249
878040893570035752
877678798227800135
879905161005400074
849837224929394719
739424303539421235
751356380283273217
879903726452764734
247462600890253316
735663312045342730
847934562117877772
879903727887196210
752564245979332679
878031539693293598
877671688073015357
840296417356546111
851708858299973653
749120888070340720
864696229258199060
121075022075920385
858397260673056798
876382590590939146
878030253845540875
878035508960329780
878040098707492925
752430035494764634
718627610573144084
406245757415456798
740432133419696222
623515281515347979
779555278978154506
834093105555832892
855639979988615199
850464885053063229
859428652076236810
879905160611102780
772070440583036948
877670052294426664
713986371953491999
876381808185458688
298936974599782402
769678676353613836
839341726887313408
858073533653581835
794705203810533416
746736948093124668
877669408716238888
827101243687436358
878040186804654100
784300410705543189
878033127409328138
879905160527224872
830204979826393118
877679675818790953
877676711192457267
505796921135202304
718126810856161383
737081506782248980
775096411707408474
743672449001979996
792981214952030228
717990701094273096
695730380682297455
377841071411167246
790689003492868096
853278696723316736
780874412986597468
746474654729764934
368134325495136258
652674426453622806
877668393333960705
742446250678550650
366718499885940736
806469308963618856
826508539580121098
878062985287983164
756251025475764417
728529306095058964
795595269105647646
878041611374845983
723996731422801972
732938297793576981
811243134914396222
762511438316699669
808294032651976714
878028635745951764
878038939053719602
884155340327899227
583241007018147841
865942061332693003
672182720771653642
812061275344470059
680265772182011921
637443467651448833
878033158120030218
612629726749786122
675949021893885952
819207238790807572
867593690176028673
800547138151907338
748925030225936436
757764982762111107
788002161262723115
879905159168266341
848899366873333760
295630328054415361
832817558385459222
362582039108648961
577510343161675788
877682020090789949
878035694600208424
350775861030420480
777606737334370364
854170700737806336
876381202108538890
500484474992066562
878042664010911794
877670628675682336
850272136982429707
857901864477130762
878031362664321114
812372658314281041
877669797435945012
809986195890372618
418132158020845581
746590686454874205
298913882276364290
877671246723174522
876380431350648832
878032192675127356
739543653005000815
875763848353841262
759948722267619339
787524555152293938
631267375068741642
844769497823051796
795204070600081408
764019416597266473
690632456663203840
795380923713060884
804412662552854538
882047294818639905
846849256165736458
878030790125039697
870730577622483015
876379116205662259
755455801996476531
850385463725785098
878038443492532255
529465909195309101
722565591260594297
877669680687493122
879749823383863357
806970359496572969
708888958792237147
879903729451687957
748007043712942220
852969161155280896
786400567114203146
811969303343530006
766558014744035328
514258113604616192
791490293878358048
878040801236643884
321248393785769984
766591451793719316
878029465698041976
393525970268848140
772919647237308508
878039557076029480
857676051261947955
876380326182682644
621097006131314689
765114835960463422
879905160078434365
817182116138844182
839304232799567872
877670415143682138
498316595915915264
879905160984416296
726939519970050098
804793392210771998
730856391178453003
836129688803213332
799469525133164544
709781171768131705
764837547523309618
718571551049383993
876377732450250774
776957794095464498
804746506992877580
804625981552984094
876381744574648320
700145585029906603
375108996832690176
600730791642923008
871540398223425557
767443619703423006
773948547145138197
508998926771159060
823932126675861575
878032961407172608
877679593866281011
827336899643441202
251112882438144010
566733916933718080
878030379926310933
821034580454146121
853065084154675200
752594106798178413
749434126477557790
278264220754247681
398487312452812801
869087152313622538
744374576363864125
878032897636970527
833714669566164992
500626720127320065
878038452816457788
725555095067951144
876379095611633688
873061525915574374
878036817092427806
509216404722155520
808508342229008424
878647032498249728
287766086659735552
544308459294687254
878059689055760404
343158380682018817
779527731825475584
581533684398555186
808516989915758612
877679929934893127
756460580553883668
876377711579365387
591317569399422997
436691859818020864
832895109133107211
869653461153742859
818484803628171294
873467901418541097
788415109273747508
878390878983573505
451949240734842890
819039271217922068
379340829640097792
848716777562308648
598592528039804950
878036394046541864
605780112549478533
708758363252457513
861337776523575296
830848312017551390
879905159281524767
437657303039344673
836179965765746718
670629652271988758
566812853433139220
748525317131468821
863236614700400650
542480412883288084
879903729690738738
812747210537172993
877677483770662952
841319508181254194
540482786667134976
601560701693067295
707359868218114099
688210169972523025
817846809644367882
878041261129474058
877669939593482302
726626341415419975
677697859138879544
715942180220305470
791799966821515277
758010113737883741
866718264234213386
852972795209973830
601160273856036884
877677568277495848
795707193356713986
693672456917090345
846720608238698507
751469359494594591
638759616729055232
776905248387760150
852943057078714415
877676557148233758
786469296750592010
773846264076304394
750016893129326693
315311452896493579
776143666716082207
767528826665959434
498987262692818954
850386836068368394
289390473951444994
456442976370032662
711450684238856254
878030291749437571
575652748247171117
518634817944813569
624505176790925323
720847442534334494
645112630083715092
757055663590473770
817930174460329997
877676302168117298
879216315506757633
877680965445636176
840050282658529281
830241475325067264
879905161810694216
867994088270610453
661426293673295875
813673879096131594
850556837605933056
876379672517177344
606903817321185315
798412049842569237
845375762395693100
528980724691501066
275848042459168768
879905159470276610
876380461201489941
842829799399358529
878036406306492416
877678397604642858
456148203600084995
717825404525609031
850744053858566165
878036116249399317
876380344021037066
779541702587187210
876380869412147203
876382241897472001
646485229829357575
690675110125895692
867519588858331187
876380035601268746
744845968268329061
785261883392786443
817224191811911731
850326203528118312
850458188100534292
812823752776613930
773376169876652033
434554551144808478
769823927266312203
435809839969730560
847317450512007218
729927312648437820
785004695231004692
878032109678239795
599099409099390976
850440363344527393
878041165209927781
477761603010560000
577218584716247041
853015324755755068
803304610008662077
758566516869562368
557761427495190531
876379655094030347
753116446984241276
842441745777557505
672118059410128906
879905160879558737
857451467626512406
877681544444149781
877681417050533958
816166233531219979
850821079936794675
814885136797401177
878038302488412251
615458320278618154
393239745750106112
876379720982339656
764214829434798120
832900790674784266
818782844180496384
779643984070705162
710168143221227540
878031972138614816
564902854784057363
808822984139210752
382358631712161792
782639344179609610
639055050198614036
389536732166488064
318062460143665153
739944916947304452
592465342089920527
755592277589491743
654722210501623839
878031306271883385
554620403226771471
804824618061266964
821973772327714827
523475387179728906
877676562831523931
747864862951997560
879905160229445673
235088799074484224
792385654859235339
811182186245390398
439565122579595265
221796700799500298
850626955850022912
873477311134068767
767462533920849990
750658365650239540
677330854145425408
850201119795183618
747785425699209267
793241791587155988
840779980899745822
680561387423924324
410991680016220171
850419040681197578
771044983309729805
877668671990927401
634926072571625502
878043066454392883
842008394541432843
824484410383794198
527389910412296202
484274711610654725
879374897674076241
876380752097460274
633004496397533216
812113847208378368
769956261617729546
878036503018762292
878038543497298030
659497274950287422
860257030454378507
878031872280645703
699752668327051365
759784858120618035
597102354445238285
877680034041712690
276718053528698880
879903727107067925
863370503389577216
878037709174743050
721651934242668545
876382299057451030
877679354216337408
768463580604530739
806497226263887883
793397767535460362
710965164333203528
878037898669195285
693661970783797280
697106302807179344
813598493759242260
419204403397001237
101701903846494208
824923795289669682
716926699232821278
785537907716390962
725183890746245211
760791066114261043
485097562425131040
876378099497975828
878039141860921384
765962739218513933
784040142616657930
878039086399631480
584976836593844236
878037368689537024
720418204668657684
877672144211947610
554096053339815948
879903728382148619
802590937611370566
768725790832721951
878028901933260820
661646531631251477
878031166450597939
831892907085922315
783782429097197569
151138008106532864
785386434810347520
851892078106902569
878031320616415293
486534128620142612
460456270311325726
696833841641422879
878041996353212458
664859720800272405
718804583920435210
809999427287646238
676016100898635796
877679284695760909
638625650114035723
878036187867127868
876380292540149791
878042206500434091
878039151826571424
835231771053522965
559231676056862733
876379450038706177
867869412895358986
763661511267975168
878030446313766932
200404091703263232
557355558869532683
822272489957883944
697990076134850561
711982907497119855
879903729543970866
763583228576661535
834846746349010995
878041472115556363
877682296440913921
878035896069402654
790270189287374869
730635277378388006
708642306424569856
659728578237431808
456148007587545114
804071607810785290
713808419441737838
834893186970288189
402078775933927426
823582495185436682
846870898228854804
879903727371305020
878036755759108106
879903728419876864
877680765083742228
877681880797954079
741589768533442581
757749724185886730
403956195133620225
877676781862289480
878041663010926623
810742166228828200
854103916459720735
774055778793422848
631676140905562114
833120628214202399
790786456503320597
877679936796753970
455007838142595072
849882936223334460
361356324086480913
236880239312109568
877669172077822054
350447006759780353
670752921637486633
832788645433835600
790439693430292480
800213403792441374
876313352756924457
876378642404499506
575525965187383327
420639719664254987
880456974112788532
862139873548828692
878038689278742539
755389257731932193
851836599074291803
813691422716854332
832409263300673538
788586452111720448
876381520649154611
760875052618088480
878036293425188865
742872485191614514
878029546102857728
688184001621393497
690364858939736105
760213211927543869
761582799601532929
662777869440909353
827354266812809228
876378533449048084
877680537366577153
835298134346301500
876380461662887936
730789336823627827
850413161470361650
850406648572674088
733251951340421172
824817541665914950
744685945621577910
294882584201003009
821677910338306099
878035989342351370
831264939624103977
763112650494181387
876380896016597022
878041640676233237
878030052187586570
378981933176324097
729196336439885836
778346884816961537
722376350907891793
876378971623800983
854545754403373097
878029664470335488
787456675014770750
814985110041788436
876323733340553288
464078035952599050
767873655191371787
814907811745759312
771240153402310677
878038523075244062
878032963932143707
650666424192335872
799361036989366283
853395909298356246
717801289878339635
716211318129950750
780636365577912322
459448849342267402
849958358920593470
883682727851868230
876379892420333619
855765386653466656
762763401293594625
544202101522432012
855026856150827040
878042534264340560
526154299261321216
754039134452056268
798705528448483349
476320195460464670
790618677644623873
878030185285447780
642786263740710922
877677812755087432
878032281145581588
877676519433076746
877669072819609620
721204019552583801
695248629794996316
184405311681986560
878032925038362664
852782606227341342
724364186972585986
309672364411715584
852260359891845150
694407616641630229
876379100497977354
876323194607370291
878035954739322920
859902357685141534
698346713378717716
805062139022278677
717756352889356328
724645654001090601
841319157886222387
874080287162773544
850493395905675334
853191114223779880
879903727123841054
876380677292036126
617462470361219092
878031491609792572
878029251268444200
850400141663928400
877993732497096724
790544091926364170
292275403521785866
780262792816099371
471159424476512256
637750244196614156
847219963374993448
718712754655068240
746081243728445530
815721078210166785
877669837877420153
665505780987854876
834231471593750548
728822168556798093
877668679205130310
740011180193480715
465581563854323712
879445324169642014
823937085491904592
823621403559329793
280008729238306816
589869278669570060
717056775802847333
800117050877542450
878041627413839893
748790986372677674
876382127564926987
842964465367646238
876380695436611594
781358881728626688
700181114014138368
752362390523347024
679485959707820032
877678945431089163
879905161168977991
719783966248403025
443450704594468873
877677544042807326
878040272280354817
748800393794027590
713885130401251370
879903728205971546
656696813516095498
878038916618387487
879905160678232134
879903727258054656
878042375237300246
852694438940508230
767229821423452170
556243665354358814
878030264822030336
810268262083854346
720860999023853568
850149332711899166
767504928879935509
775633237346353153
852990331791736863
878039472476926003
877682557393715220
706952856476975174
857045955609886740
788394701623394335
878032373508370474
877679664506736671
723360220159410238
351494357913698305
790633387651760130
841082571344969728
309452081557667842
794911168690257930
759191726412791818
876377914474659880
218008794066583552
728861709703577603
877669312574390344
732235066696138832
808860565463105607
675450096317366292
878031596505161778
458506680280416268
877677092387565648
513763338543562772
691086742165520465
852609602335801455
618459954793414695
800494359325048884
751567963135410310
866370472882077727
876379408921931786
604690358340943882
705081518418034698
786948343799873548
877679694235988019
827596136616296471
663248901243011082
728997151438274642
590256835970203908
853117268556251147
782995698173870091
335691088134144012
876379700908400640
823866154454876191
732559862667542538
878036863137497190
851436054552248362
815928958499422209
877668170700312576
857659641252806676
846190997758672916
878037053424676965
668414453376876555
848115841115095050
798404122591625218
876378270894018570
850201444383981609
878043061639323719
839672780937363467
807636338672926760
823149801221783582
820686082831155210
874092861916852254
521810720958971912
877676908194697239
857992294259228712
802379445499330590
782607284651294732
879929353507577957
878035293566038026
853318699858395147
749820676898160652
824800518626082827
674934194509709348
833830980401496085
850719560008728576
649461301357051905
754262332959621233
879600555511656449
696416957607575623
853688308596080701
544634523954970678
466389699225976863
878030900082909346
572849728912359424
876381294152544318
534506686497685524
854548419862986772
876379095548710922
814671134855004170
655893123355901952
285018109935353858
877668488100061224
759770240769982545
394406236461727744
755222225782702121
755898412661997629
660993420403408911
780737490516180992
661330840197922853
873007193597837343
878036461860048946
878042768633659432
437070240241811457
356425743212740608
756910545650581685
852273845447950396
877668152505417789
878032536159264809
473138978015412244
747376186153500672
398630347635556363
655500142799224833
878030713306365993
878029565996433418
877670422076883034
811270232521572372
877671496045178931
877682456663302154
857869329336893440
763607102383063090
806603863980638218
879903727597809665
571180815883436049
878037897373155459
853030196198375454
779521386288644126
877670744052600912
853154229241643058
593559381451472917
834516558969307197
697583825131274301
735706435320676383
824433663407554641
758377093519769674
660836629300379689
682142089538043942
794496533709324298
849136472102928394
391641690903150592
540154605544407051
673346606166310923
733007502891024414
591128828953231372
798989451103436860
679042639655338046
709796171580964897
822208531364446238
824306745160499210
720351927581278219
836036573446799362
877680246177026069
877680604093767690
772662271326814259
879905402660200518
793186972717285413
854519012808327240
758348150640738328
879905161923919882
876380067855491104
700511270767689758
879905160351068191
877672650871300147
726095028627308544
821844144175054848
781780221518807040
639956969897328640
532762634198712320
513789143164125200
787463756925370378
879905160711782420
878038076851642429
878039039993868369
762834509871185981
877682802378809344
859175199299469372
798607576241406002
759123716189192213
869643580543741972
878039265370579064
749061413573754980
806238749125115935
589252682028417036
545037744733290496
878038825224503336
862417757642817566
808144973328941117
763990661765791755
779646365549985813
793962857862660126
284705173241200640
784564043351588894
225265340777627648
520568164224860166
878029194142027856
774395853372653618
868933024367149077
693986712946343947
486244008784298014
858659252868874280
877671944475017327
800484010484695060
779339391973720115
291973603816374272
483310250770825217
878040041287458916
788107897082871899
831894505987768371
680840128612270175
877671410489761812
584701156018749440
739291096609325096
703199595806589000
749107016588460092
210948899685269504
704868176160227358
239466326882648074
830229657169297418
877667517873655878
878032694209028107
516706197420769321
737115164834267266
879905161772937226
763974948556374017
877676927127810099
812854661061017622
844021401795166228
878032370505232494
429837282829402143
539149217588051969
727305290952867840
752195352437850152
856129264998940682
771006748424404992
190639106978480128
617694154830643200
779747772726378497
837148749984825394
874733571003252796
878037045912666143
689448343239131334
853870801698684958
879956528424185917
877679111219314768
830444683095834624
750732901586436146
477462965910634506
601323155621150722
318227994898333717
876380745604673576
878041033403940884
717212596343931942
878031404716396587
817256830421565460
881889492003356682
733183463095664731
689987728469000265
651214922495295492
758785655114301460
739315961081102416
827040128027197440
878040636081700945
876382548366880840
809100237905592381
523000021570813963
878037234618617886
872652865494216745
712059395369861131
876377708739850262
719418728181268480
382244097949302795
869310878602903593
807058122937335858
807250237960749057
878035610609283112
688347222773071896
860961139181223936
717693141259649024
486689227535417344
877669867661176853
396149415343292416
650749158382370817
853158822725812255
879905160523051109
877669043807612929
878037145279950908
566510017273135124
709966993138384906
487315575274733578
878039169123880980
769630466763391068
756907359443615936
777785696579747850
433328198957269002
877680774541869106
866099467199840266
878037213533847552
877638519940608030
877681090788225124
837937501888970783
697818434033156196
202648866091171840
855191469592936448
877677585428013066
698402008322932796
850575858778767410
782679125944041472
427200399850864652
688125173987278994
847018302319624193
734574225901355029
698800562740658286
806300895750520894
777538767846113301
742291338761994251
860779308331433994
238014633514893312
879903727237070940
878041994713256056
822992807575945296
878030877651791872
789606772230455316
821236412572893215
719292552141996125
877668965709643856
735610326598287532
882752395191398410
876379293431763005
724494029903102045
753694508939608122
728854885642272811
877652205430247434
875394229726244895
885165331386093670
866093371674984479
852794688536576030
771552701833805845
360730374072041472
698160620109037568
789153698143273026
766714451582910555
782729663511789578
717935679006572575
768545785746686033
618863732562460692
804662040429330434
686008625638146111
878042902079602689
845739445046214706
852202900801191976
692540920528371728
878040900440297505
877668440087883796
814185763561930792
820091206130335754
792610496187858944
622522199227629578
425756601891160074
799815340937969684
720006111754846318
882090268776595466
798655958603006033
775790609117741086
876379371777175603
802784600400723968
717230139527921705
814666650825130015
753419554792931449
793996145696571423
878031282989318164
878042595962552350
774790933044658207
792155851115986974
269584525615431683
602946657415331864
876377695833980969
828394630013648897
815327142052495403
774832492150521886
850712863781814302
784510936013602856
707079190834577449
877671586424029244
878036686934786089
877682157957562399
877682713132400770
504547612997976066
846988954804158494
822524085401157652
877672588694929479
709562940306489365
878568179918585866
878030798039683103
425826583950131200
757026890862166107
410601861494865920
877670957580435476
356267731487686656
879905160573366273
457602206573789186
571490986837016586
878029751590199347
564990479125708800
876378175528116246
878166586702319688
834833737979002910
538370095726985255
784425912916508714
405059491290152960
429479991466655755
879903728424075304
878028818600853574
834430739588186153
808455866683621437
878041686368989225
878030041928302622
764388222008164353
799011959890116608
797097966598094850
460704235055480844
701844093151608873
651924975158165555
804271009955184671
883837155913400351
853827454116560906
745545607913144352
334838276651220992
728574931708936343
720547527618985984
861020387512680478
878031593653022770
581604651745411072
876378240304963604
690000103968342125
697351910729973772
757593295479373980
732334662130860103
558012013389807626
824373354655121448
731006461995647007
831230517327822848
806861911655579648
692271997807362069
735300862536056923
622958753859502141
560838264374689801
876379064649273365
850351501460635650
531507250334924831
452519688895856640
877680741239103548
204323234311700480
866712316669984818
857775908055285760
877678660184858644
751563541324103690
738469077986705451
767056020018298920
878394771364790273
878039378860077067
859149801358229515
787683742096293938
775410907172831262
815814123904303116
535676612729896960
600385522145427456
819153834664394812
664471391495782401
878028621103648868
879905162163011595
845589894042746901
854116294269599785
779828095334875186
878645569533407262
469252069073747968
745179725420298310
876382126222770217
708937135226486824
348725877342994432
705752391903084605
776387526679068672
817231738568048661
683330271847907461
878041597365850163
325746093382041610
761415951522070548
876379778071007252
745474890475241492
636036977191419914
336557596196470794
298908584157380608
783852623727951912
600179297700937735
424445624247648277
673251271532347463
679492091247984660
866714289347100673
876380850906861589
658919051979915322
779575474791120906
760259995878293544
850506717879861248
618492340406976513
764146718526275635
850789261867089931
854515894734028800
879905160472703027
726039362004844634
811457929404350484
873380205308305459
803406292353548319
850465983911034911
789310205145907210
838872788117880852
607214264482005003
877681720256770068
691749932943671457
878042212993208391
884595201694367745
881758620692381767
589411313482989568
877682444428509275
647303559867662341
583062475881316361
674794229687386123
839101153878212608
879905158874673153
879903727375515648
599528513372028950
878041792103219260
850457211980480553
830011074417655828
879903727069306960
877681718906191872
878029594924556298
848277095843233792
721519869388128297
592297932363923487
726711868860792883
780462187994021898
832564090994950164
848315224666800188
877677611948589106
847512562584125450
878036523302420492
877669685171216464
707200753177067570
460225111811686400
852721912388124672
878039903554912337
709495368122892368
879903728658964490
842157228048121876
592862629966643203
879905159185055785
801576080493903902
850566818154545172
754443005976379484
836656243367608360
878265396908658718
877670303285784646
704553065772220486
879905160497881120
850596821071298581
331563088979689472
850287581396598825
878040127719477251
789209928438513676
641333723161165845
857899614774231060
740746378162208828
878038048632365067
818255729990434816
853910633061941248
853235094189244459
277703077073518595
863137712335880232
877669226935103508
827243034630029323
847141764070637619
879903727975272468
875214990586576927
614645784423694352
863866414867021824
767054980250599425
853579871061540894
878029729716903946
876381885037686836
879905160439140373
591411636229767170
832285998007975976
872696058180927528
646997108918059009
564199431872708649
280461837148094464
870620298981048320
699237944011259955
723061863566540841
878463811961622558
877677510849085480
796714628435410945
879903727325175818
878028644403011604
878028852499218502
770735241450487829
862172805248712715
878028922648924170
882094242661552139
878029285871460414
878036818468151317
876379025885499472
615800253416865802
810353953782628372
363707819993858049
876380077707886643
840356402127699978
587241164562890793
808080760120541236
877671281607184434
626444070247727104
878031240417132554
808691822087766076
763961368122228766
821426172394602567
794835181331546132
573326123967184957
876378093638541322
841705591231873028
831514637660717107
877676794474561608
878178711780876319
795546150912393236
879905158811750401
736930870295789600
878039366700789831
609437260919603215
878037470736957500
877680949607936000
878036630571733014
843094255940665365
781405696469499927
848369457466572830
877676619278483508
867842541989789728
731561156157636688
878030597912657921
780264175867002901
693234209040629801
680577630998757457
852706940148252672
538147069777674262
503914046408622096
557000602358644736
877678918910480434
878031387502981191
742809861863243886
877671593453690920
878041963910283314
817498150259654727
485772607065554945
846833883470495764
830524134017597450
865039440014475304
825783782409502771
877669026304782359
235148962103951360
831686377623781378
879903729585897502
275363056924491798
703086936323129445
757578772001062975
794272285430513705
877680628223602749
879905159516414043
634260545519747072
879905159302479932
512267223943872543
879905161403846707
875166246092537866
836036039003865127
832372524209799168
720497880816681000
861707770588168232
611094304726712331
877672073982533642
715356002161131590
812135725007896596
790065213609082901
823755747288547359
878038195852427378
878039616530300980
793665315154165760
879905160770490448
819313641492185098
717572508479651892
877681035675058286
422101263044444170
383053021774479365
274493003815714816
661989396966408192
855318780170076200
877682642030587945
878038149203382303
683087984601464889
879903726935085097
804200153643745322
685941746898960400
741434877274226728
878032594229416006
548673517114359820
818276999692025886
571817425868423173
780962942878482432
780531950090846218
841818804219674657
725547739018035220
882355940517634078
879905160598548501
878039948710772746
798286241865924638
726275486065360998
849915268323082270
715664595897024585
721784586383786144
774301475635593247
878035706889510983
850467412079411243
878033223823818783
810664322585198603
878040420750356510
778438069350826004
748362622562205738
878037279392813117
822323861542404186
878031344008052817
535308706699673610
774811989935390742
736360148666417215
876377755875414016
497221413887934464
830070756360323102
876741284767858708
876382375947411507
853117520320004146
842332837667536928
876379350864367627
530947256136892416
343400171029397505
849266104617795644
546169694147575808
878042678938443886
747398641827840011
155149108183695360
672180032323584023
878035486260756512
877680934869159997
878040747356618842
878037147700039740
805536717901135872
670804173771505696
878032224753184828
725542977820164206
877670017989234709
878038280908722237
790360225847967745
665781970240012341
775031324209053696
700142174741856340
860335108598923335
864328595225051139
873226425493250129
263942287132721152
878037878238744636
877679531861884958
690313683762675792
841097094655508510
744270073379946516
708700189564862504
879903726813446274
548953023108612107
878029887359815710
878036617498075167
869041902136229888
390225436363325440
796698856262860802
449495374860648448
791878517041790998
172781994894295040
628679623177142283
851193824885211136
724519552607846451
692714158504017931
257745980496150528
878042577335627816
733129190580420660
787593270711681024
877680955316396102
854552468255014953
863793108562477087
831146815588007996
727832419352182805
878039915881959455
704053882195542130
878042294912159775
867514572372836393
870126182291611760
594224600892702748
750537386089381939
715784404101890081
704753958547357817
877678178196398090
865292221234413579
662410312254750753
879903728273063959
878039168675115050
879141574435569694
734076768213794866
640982120268824577
879905161001181234
652352589102579743
733979050124771389
864317592117313607
813648310614097950
836210985354002483
878041989604605993
856035476434321479
879905159600283678
680984821794603049
878037279870955580
878029492646465637
742873803251646515
611601082749288479
876378388422598656
854135066163019787
753664442671300618
752990377216180270
797661272756977694
878648265925623828
877669573195878520
655972415897337858
878032017219026975
722271530658168931
828090574032076801
760202063702786089
879905160640495666
450898765021184000
874306746313752618
794487408426614795
702751252886585384
840298187947769867
792122328967544842
800424170747461642
539953965899710483
876382545883828234
879497963947315232
878038917083963413
768356296948449281
878039369791995916
470004711941079041
789956127664242710
797967337835200562
721692473159712851
877678150170075136
772615980786515978
878036484777713694
877676338381717505
877680089075183716
878030647594209340
853351747014492160
699387475247759521
823426584890966016
845944524341248002
864911486857248788
435477330631327754
709599098357153873
878037986984468482
553666060570853414
868256438949117972
733579713301315594
795949821147480064
164189971673120768
534830274710601729
782765610895015946
878038345886888018
696477706765729824
787139943587643423
801251130998259732
878037545273917460
878031383824580678
735252942701068390
619197875141738506
878035487191867393
797258069737209877
451212016376348692
403115987282558976
828006554317619210
748405418048487435
784152468673658900
768683491613212702
766509864826306580
731836290080964648
876381089952841778
858525680291151872
879903728340205638
659599737581993992
792912305667047434
735988144108732429
469790850134704139
770500306467028993
729728547509239878
718708527207546930
877667831695687682
879903728277282816
621163103144509500
879905160690810941
738397583973679124
804278911764660224
740019447464591401
619193952129515540
740404788524613662
876378438523580426
878030743073325067
249788884542685184
853618543995912202
622632820669415466
744174951342407761
522647327375228928
632660921508167710
877681843007262730
591233103880519680
530508559369109505
799019867789197332
864581109555134514
778254556001075270
712306329464864778
876380642202517505
275813801792634880
796481271702356029
866820365950779392
878042013671501905
877672291377500261
878029454209875979
878030985764151326
878039896877563976
619990755372433453
719224195019440258
852687706492108810
549773615441117234
777747517433577493
792168835704553512
877667517760409640
877669974775312424
590373150609375233
648370428615589898
850150900449280061
625452886293217300
816140460715540481
781041397821210674
846956530817171488
764438105641320488
877678177600819210
471564749901922306
502135561059041280
610864274117623819
651123024929488926
558568340843528193
703835117100990494
503383227998666763
879905160506245181
877676279409815592
878036691661750323
198935857053433856
794623122988335164
795032777228681217
723820347568422914
577258858758537238
719339910611337306
878037215794593812
828692877269663824
852612079114649650
878037777709678662
855459710865375293
877672593925226527
862063342936129576
258618282582605826
111444175110627328
665742315494703104
857458685491413043
779849714522259467
877434211492048896
798899309395050526
657208581879496736
878032812165443584
573936319919816718
733754603161518100
676985330867503104
878042958488801280
609706167782080512
879905160174895167
877679183000666122
877671434875469855
842157788033056799
877672129397686312
852966757844254782
844040773866749952
386182939962245123
765736631268540436
878038249455628329
833415285792309259
754970775022207089
700604557566279722
878029864064675851
834930523288764488
762349941364097065
878035731308757023
877670917566775356
877676324943183882
878035478845227038
880219112863854664
782596152037998592
685421949504978946
877668458215649400
730484732789391420
712947585907949621
829727546341457970
877670262085132328
680585293174276149
692808506373570660
732701184002883604
612360486318637126
695101325096255590
876380168044838942
808384075886755880
876378215122354176
546221525326626817
854109016711364619
306872129348042752
828338407306297364
499776555371986946
866105823578947595
838745352781299794
736946306878144512
790054209164804137
878036693708574812
877672537922887750
704134562959196211
475051770700103690
741548048517300255
597970039026745344
589461698860023848
262588570466910208
782340263011811369
519713308735963156
708454960815145000
842836525489324102
741233753359384597
729182401997045760
745842359723360297
621447046968246283
486274960088760320
877668170750631938
533686579323994112
830578614290350080
878036650817626162
265606574976794624
878035346196135997
852632870919995422
617522629904957441
881358789511634974
858618965059567617
848513668504354816
869732082434342932
876194926625456138
478240186384384000
853006236278718475
565327499546853377
877679353687855154
877668958579343400
680429489733632067
860550633407905834
850726752874659840
783556984493965333
782413108349894656
843667695194603541
878042963995934801
294560519547912192
504183234490531840
635977563277361162
878039605532839988
538998343557185536
647251819780767774
850462502579863573
830779734975578112
876379904311197726
626885097722740757
878038187090526209
872511446649561088
712684298553262110
405337572282335232
594731163579580416
872211579490414694
736756473232883743
564605973482831872
601110033979146243
862674632983969824
850299302869467146
610521402327564288
778811420753395712
879905160380416041
841581444048748574
732910537180053524
878041918590832690
685635871151751198
878031730328633376
880248417790619689
828744287679283220
770360624491397130
750068161688109156
880013892737179648
816798193504485437
536668834908733442
850860536937447435
469443477621571585
873931683651543080
793645228456149012
878042904197754980
823734224115990559
711019280703029288
880335725525102602
811710873701580800
735468768356204609
239198506839965697
878031416959586344
638931915163828224
878038668332400670
876378408282624010
796937137521295412
876380068753076255
808463316229685278
692627180965986365
293842889857826818
829554186085335080
877670135257759784
867062900681605141
793773191386234881
857104611759095849
876378073593942027
843464188806299678
311271271726055426
881221905053532232
844396791922425867
878040990890479667
807057373487300679
878042338193195029
744260931734863922
878032949407272960
710323679644483645
851293592236064788
843832144148693043
878042407726379039
872473366777454633
563420489905864715
599093290368892938
876378636062715945
853085595097890816
772190845955997706
864638720262012969
852870167741857822
877669798052495412
861529047611211807
450117873382457344
767451931194949644
839568057336594475
714236060808249383
850203411613351936
878037124782362634
498309696994672660
766855131924660235
881580336671248384
785967725419429919
878029696472858634
400913659636875264
649100511945031693
851482325773844540
873190073045254154
878036838760214549
876379013424246804
792122750239506472
722652168519286795
876380184658456606
853116092835037184
877992639675392022
876379371252895744
732359577491734580
781785159342489630
747480129776648262
612588411609415681
396869793027719178
836381925463425026
700962665064824882
878041445448171540
852817738891395072
706832806407438336
812162867012567061
644245645267435539
878038413633269800
730316175485173811
853888364615958548
758894553146720328
749737569763328071
882854088088363009
843391434589077524
761059952621781032
780514956424642580
841507715356164146
877681821092028456
847487517270868030
883572971338354712
750251426139340881
856480837125668904
566756803296231434
718643766348480572
830055026277875782
732714504038776853
686030224592207930
819745574130679829
779113494330736652
302418374632144897
500588681204072458
870015256737513542
878035823939948544
877667527524753418
808491578087178261
840486112228671490
607357078507618314
692525931964792862
878036779108810762
877680536112488520
877681891304669244
348817898082402304
690394400546881596
719747930139000932
877668947560894514
879905160879546399
801894536590000138
764115896699715634
878039924434145321
394281461047361542
737762933727166565
828107880979890176
832695617041858591
738696140483985428
881778507494072393
170771568404725760
879903727128023040
878039483608617091
508263680413270036
741489020680536145
536674917198856212
858849900934463531
878041686620639313
757698276102504518
768086612529381386
836009068778881044
727119845711282207
802208263533887598
772916419380903958
862489229280018452
793427865445597203
877667517659742279
813310301457088524
763165481522692096
878038656336674828
448570026946199592
878038627878326363
877667550392094730
850246146042363904
862865547883184148
876378486951014430
859968609455177730
810677716558676000
879905160799846450
877671141253189653
877669666728861696
758010264359534743
664597376677314560
847557992132247582
878038743041327144
816045038957756417
682001513392242689
843422365706092556
825932124242313236
817649364611891200
608417847827234826
849883010723610634
876381908995543070
878399623532773426
602306965372272641
440273077088026644
282553207824056321
707699873104920687
878042269888966687
814767721694494720
877669352856485909
474709315970924579
542111999094685697
878029619889066055
826879935322521610
878040988537483295
734504976256336023
877678768829890600
876381282949558282
546871370173251597
878039365589282867
878036277499400223
210015394713305088
737989599451676713
796633468170665985
755507673482526830
600974641703419914
877680062139351131
520364901223497729
756743114470850760
878042004993495151
878037641113796670
878042914234724422
814010880265814016
762710016116523049
852773435309948988
707753668723605597
838824669087137794
855065663903498251
726624367546728448
846781964404129793
559429942878666784
707949807532245052
290193676536119297
841028593701879828
874060424046317570
525057390559625226
802657207141138454
348448612138745866
859995751327989762
719221355408523305
581663140224434176
870033241078374401
879903727614574683
825928428611043329
797181382676840489
835926418931843073
793626545255874592
848880510994612224
792469929156542474
818406626209693706
726878019481763920
878039853340717127
747234592741654600
710965198998995014
606201355354505236
851236772247109662
877668806108008500
427988499073990666
845910286173995018
879361658013749278
813895999583158292
703040686026653707
854225866027958272
877679695225819166
837554612633731122
335227987974684686
877679565529579580
878040073948524554
869689388236410922
770394633141223446
750650370946236507
761583928002740255
710520498202869932
802689032617590784
840729398713122826
878038566142377994
878033196569206855
689240710448283733
766134146946564108
796744056281366550
878032736542130217
865838087334264853
873157748949389352
813168856217550850
183408124407971840
878040834296135711
876199869868564500
762354460865200139
692565465301516288
876381861889335316
548599519986712581
877682469204279326
859406262743466005
852630965112143884
878035784299606056
855970107410612264
852038096178642984
715006562371895307
850830334722703432
878042702510444595
566890958751399988
474108107086364672
536013944683495434
409752837753667586
790774470108774411
744461263312125972
811079749283741696
703722001763926096
860383841666465873
876212007819427870
663485033348333569
877671793769472060
878035492938068028
859134937146851338
794092837980995595
804112212704493631
854908582394200135
833904545850458133
879903728591831070
876377694965735474
821133251028189224
785179132317007904
619261447041581096
782748903371702282
850705931901337620
631321128450916353
876380817587306507
732560781446479932
877677075434201169
849864315782955059
421432381485088778
861678997854748723
214895961116377088
750007389566140426
877668147249963078
871549192571584553
878027481993576559
762558943288360970
714504427200970789
697733397312831549
878029730962628649
792528324081221717
877669088829247510
721948962642460692
877669090192404520
680551022397095938
406204906857562122
838573228753944649
610321674310516736
409156282524762124
841501354648535050
580174183842185221
810408610982264843
843493763460628500
608066678248570970
849189406916083753
679943854132428870
806140882905727016
703495583356289074
770419350577872896
608090641578328064
878040452010487848
699000812608946186
809340167835746305
783853175936385034
770951139134275614
609542603968348171
817553198469611530
650367647048794133
681149498931675158
693113736306622474
878042405604052992
811596535681908766
879905161785536523
855698840849743912
659527306280435723
660364302397734914
877669578803658892
830419204548591687
877671288909475910
878037275685031987
601197081130041377
850709965860634624
552874116617601024
879905160577552415
401763516677357587
879903730424758342
464970014844387340
878039675103764580
876378220704968724
604755129379323915
784756907381751848
878037581776965643
879132439090434108
448226192718561300
778943171430055947
695233789735206952
425815600506470400
878029034871746580
839202364530360451
798603189313994763
877642208772255905
877672309085843496
878039144830496818
421392440881184798
877670245190467635
878040196959043636
778787140724195370
419170151695515648
850531698558369802
838878574018297876
363831625311584258
850391583970426881
833414959542042625
835438334146772993
809282813038690304
418725347622912010
761120113750573056
879905159575117825
837785993939648595
809963079324401695
536695457577959454
877676389216702584
770637301663137802
847891967936692285
492860557712687119
872738535495585792
879830461621338233
475134614889824266
537716628691877911
878040334343487538
529181066171383809
878039543809441822
709237330048974890
711799037191520367
876380090148216852
856917939046711317
808563448396906536
714444949210267720
545071029144387592
878039522062000178
523160034348105738
322028812747669505
876381111004037120
773439144834629652
527016491904663562
861526057134587925
134834836501299200
706730529508163595
841918738286116864
775591169626865665
876382175195451432
879905161911361616
378209760572604416
687045195204001856
785402496561971200
806987537998544926
770132686013595658
662752473395625984
628647086983741443
879905160460107807
583655098048315402
884123405316681729
764669775526887424
581524943351578644
879903728839299112
822617725108486174
878038642491260949
643438999406510081
878031399121223721
877679631283654669
805999826114183169
838366427462238238
775649414429540363
879219330074701915
878039867408392243
742440435636764743
837710765691109426
740699490599698493
877670885589389323
761399984909451284
397564948244332547
864587766728753212
650773011057737769
819858984311193652
879905160510447656
799778881338343454
825314238830346302
410573682294128658
808774692306812928
278728970558636043
616350968916869226
480847986235146251
878042520586694666
529114238611095562
847511835829731378
854984405948301322
409090779626340357
658866756516839434
878042344006512712
185301682513510400
824690140966027326
756752256493420614
410159216850894859
878039914946633759
798798211044737055
713827638862544896
484183029561032704
359413235591675905
877678782033592340
878041013929795624
559155867648262149
876378755231260692
760377880705237013
746266241143930912
866779778363424798
878039196252651592
877678014274605116
878029932557647922
699128693586657300
393974470987218954
861047307231166474
560217169065934859
735618631534379128
822942378201186304
583133985631240216
743637590976233482
878038089912688661
634920102919143424
854243664154329139
711734795310465115
876379235026092032
693218848362594325
770425094883246140
246507088237428737
426040781942292490
877668934806020107
742671797077671996
777507584395182080
665003302416810005
856603134909218826
878038479500607490
346802332018933762
619194597398151168
877667790109175878
865679704399806474
819612983705468928
877668567112351774
877678511203176498
747669087848628294
839142651956559912
758964112926572544
879905162200776705
708189440446693496
878031086733631490
538131421231972354
689258465885159486
876379746064285697
398090842314768385
636339069579821056
756688516796252252
528060944169959445
779892984509890562
878029950681227324
498556313794510859
476017399649533982
813207982653177857
876378820540772352
574017047319805953
706972898505785344
854555244151308299
878029702256795678
778364473348980786
426420333784858624
804910586639024189
325098153588031493
879905161936506951
876380329659748352
813430558600331325
734249481851371541
159985870458322944
829528890249969695
769285835182047262
739971776364412968
852678240694304808
444603539772276767
628003778280292362
876378845903740948
593987663573286912
878039558640529418
624569002013753344
742180359592214578
878032252670464060
809367204017602581
878036118866645042
783404411652538408
816988602592133134
795593543971766293
799077718360719421
682580476430385153
836794777323438120
878042592309293106
542002653534748686
233250969553469441
671185982426447873
570026992838115339
800646639827288074
760783926863593492
663328352303579166
393603392158564367
879905162070749184
860273245453680680
877670836352475206
564999765943779349
643048308629307395
877671768901419008
877678407641600001
765417926513524807
850367992796807219
843062472549597266
877669921193091083
812281318457081867
879143645201191003
700398093916700702
191377653150777344
785798952049311764
853213620347207710
660307997595140097
817232171710414868
794724273380917290
841672907700174855
877680446023016449
877680388884004864
757356388161683639
652267294600331304
819010521952026634
878645093140135946
451616500290420737
721616566659317841
796382462573674566
761265827533422594
775422451554844712
877678439014998026
815779737653215242
878039855525953576
877678470149324861
842328228054958090
772879641630212136
518843749183389738
826818939921236018
844237957840764948
877139225798131723
811343513043599380
552165860878319616
814699234212839434
821990001851629581
836412610231926825
878039018225426443
788532460479971368
778779900463022100
815071817890660403
698603743872286873
515731571056312320
468596735304925184
424740940683411456
868295239868231680
878037665730138132
772708673751351296
777127350798254110
727518530680914031
773417211582611457
695237082360053760
745660628303085645
836178763167170613
772684467369934880
858529992980168795
763632050971607060
878036118585638972
865625752241045524
811786126561902623
879905160611135538
878041962136080384
758456616529297439
849912689458806794
876379640703356980
829398360309235763
721069534685036595
635880327797276684
467055018537779200
757101317280890941
877671187386339358
785426896846454815
640052493744603148
720724556360450180
181531681906360320
765407204525604924
805575557734465556
549744584381431808
862251279693381642
877670448224170024
667195169753530378
792671886713552936
853717292731072533
633422556262826004
879142627293941790
757053785246924881
872288150083469382
833475224912789504
836715726282293268
398315803809677312
710989738143907983
878030455092420709
649416023400775690
769188174676099072
780772635550154763
878028645384482897
877670210058985522
633871712936787978
784335667139837973
878032773053562970
744666186406690937
450348674225143818
877672268036190208
796563712823001138
742175699787317258
244271431574224906
591162699820433418
845285505678704650
823691338935435274
830125344387760188
610274731073077253
879905160338489356
823989488114991146
699727952241229834
770618733600702485
878039146403344415
841386875838136360
646498873786761236
879903727295815730
852923776307167272
604445735169163266
836707238513082388
690365018415431741
669011827425804290
877677337154556005
851559205949014016
798407043014459413
792563585951072326
654121509299814400
879905160636289044
660166478561017907
743581712704995400
448808008294596609
796137662977277972
821855069099393064
877671628820074516
702768640184942683
720485521801085019
878029154979835915
878028816138797076
593883392936771590
552137519115010049
832799048028782633
203953125722292224
830898398969987182
794728508626042949
850576108331991051
878042087323476038
854913072741089331
878039396497104956
878042498679853097
290412314010714113
760663181755678793
852502520902713365
201542180911710208
829376808621047968
878646153464389732
469659776091947010
815942440786984972
647838017922400277
399570567755202561
877679391973457980
203724468940570625
653609644501237782
738779884335136858
800380696002560030
850145836143083541
771055233576861706
798192745537732609
878038904530403399
853321057045577728
784737791610191893
735238100682407938
879244295360626689
728059898738245662
685789259374133262
712803719258963989
819265040456089620
869256610466390097
850565351938064394
879905161907159071
226583208555315200
790036290116386847
493189338587463690
785247876929683476
776627483990425620
878038053996875807
876378933233344545
826004010187096065
877677971262034030
763456245868265532
876380090819293205
593084619717345320
628883184150380557
783183489406205983
876381887025799208
853421608701263876
622446639713484801
850562674941362226
876380165364674581
813539441434951700
720833695401115689
879010791213400114
877680073937936426
877670328606789704
839736998499581962
850618345446703104
878031008698630175
789586241585938472
878031815795961866
736083670963585054
352862959472476160
781347698879889409
391700247425843200
843114463636488202
798978217028485131
614303280050470912
878029503631351838
629489367932469275
713251221707817000
876378451274268672
867974859869786144
831369579589795880
876378131903172628
430179003047870496
486051916229640192
651605505759903744
750839905386627093
407794213145804801
750191443171082292
883901444103733249
668955993354272778
727274736840867882
878031819881189427
862504003258679297
325742165571403778
807688071017398283
620623471780560916
878036915146854400
878040767740932206
700046258659786843
876378430143365150
878043249154088960
685908318904123465
757229909343993876
876381443494912031
870272229282291743
737016173799014570
712352242962792511
878039849599393902
858784434626363442
701697508174331994
866720521826467861
783055954995970069
729789837128761395
851328281654722580
713284556945621052
681628506626457754
612818029822345229
878039195652861992
759875547366424608
876379717849198602
783466344934015018
737566466525888563
322420099799711744
478356435516915715
778127982605762560
850791154123145217
876379673054035979
696871153297260616
648023283245252629
878040625973456916
327588736961478658
754264466019057756
733359879804420177
878384119027994624
763406662592757790
878036866203529246
847505391981821962
452578949537464320
857368227726098512
827763014236110848
876380352912957440
741181927402242070
395838521631571988
792190963245121547
856601492776812574
742783707773010041
878037524184973382
720526548066631690
877669307629305896
436550142724931607
774532997578883082
879903727555854357
353919929310773248
694441980071116891
293413776026370049
878040086099427361
800043227507326988
876114172792930376
768861050174439434
874205670889639936
877669524843925506
861001056255213578
876381580107587624
775440366295187486
790158424369004584
879903728688312340
873177899212107797
742406065391403089
476032238149042188
758810913142210607
250781234823823361
734764258151235728
837046842494681168
877668183383900252
567843694925971582
878032044012236902
627066851372826634
441553489332535296
836613868791791666
672449077010628619
877671732373225472
662190837630894090
516084984487084052
879903726679253013
850788305485824042
462027609845268500
581995607149772820
884909971597295678
712357790940921949
877679084904275998
876378854913093632
877671122437558313
877670431837003787
806125374051975188
538542795137482772
822983488072056873
879905161974272040
685679763431358515
651392999351386112
870105755230035968
293072146245091329
832183578087522335
877682339201822730
878036613983256606
735479213427130488
878038722321477682
823174177082703912
493961008122167316
885247782745669692
850815893508194384
512267311743500330
500026243828154369
711035638920511603
840870372073144338
878033210196525117
738706432534511677
558333994534699026
789867170721038386
316027392013369345
720413250923003975
610690128595255309
302449235637567489
758062172151480482
807251041154236447
485649921303904266
878039080389185597
811812111268446239
841949052936519750
448633801829253120
683796664410308627
606910282891132928
878032733899731025
879905161856843827
877679319307132978
577279950311260195
878040463444172841
853827194476298271
745011967001100471
782366465097596939
710219328846430348
508490367616679966
630194811517009930
877671949344604250
788555005640048690
597224568758992916
876380603342274611
800711701837381643
229073356937363456
838583025935319072
508253334956802050
477283089413046284
736140836584161310
761957944715640903
878038982506713138
797578652429844501
877682099543502859
731968819861651457
879903727262244894
626731056598351872
438270698901733377
575869356056117258
840481324211896320
878032153676492871
829936105414590464
878031876881809459
864827871544868916
876381899642265652
877682142803546132
723296979135758438
802814275746922556
605980309426536458
492046021849907224
819374198694346843
877681882018480129
877679110174941315
879841967553540166
732240769871773777
808690022961250314
769216929616887819
520374498281652225
596900022235430936
811830421892366367
703196519133872158
347751049559408640
798654940553281596
672503843153641483
715659674502037667
850844218661404712
675101061861736462
877671396854071318
877679257172713493
844159164519546900
744679973012635704
752645481124986954
766350824912977981
857381718075899926
668923997227843585
833219917947994132
787451685332844547
790058847825166397
877667552929660928
254392784704897035
878030875407814747
815302883788455956
796921958868582420
794047111624785931
773577886635786270
878037365715783691
879538156460978227
835837293880147968
878030148165832705
879905160015515650
879903726394015745
878032715096682516
852934483588939776
694454280412725309
491755027401146388
796504865174061066
870464543757840394
800256503185276947
878038293437108224
884910928846553090
846716969633447957
878041655347912714
876381245230153778
851695435239391262
752247649062879304
807852639797903401
617424125689987139
876379285043171349
879905159164096552
828421689138217002
526464400538730496
774842720186269706
778819895298490400
737672610501886052
847101794638757889
854897992577318912
670191725909901312
835974011795800075
694988513942175865
758543386452951040
833200519240876102
829604574159568896
830998340987781120
621542636884328479
698677079046094919
877671919254659123
423925938313756682
845715563900698634
878042137361543219
810242619489255454
706798620988407809
784472480295026729
453558139074117642
698169830632587264
873336001328713728
827806765240418334
844005110622584872
450251390137401344
845927532754370611
384937266969313291
878036878471860224
255240148491436033
879593710772437023
878028632839299073
525805998699446303
777338750056923136
758434955910185020
440658113109032961
882279735806263316
804802840417140780
822309766423511081
876381944055738378
630915501496860714
770538014119559168
770951590655950878
82880462506168320
878038863405277237
847504730569965618
634764147363676161
750887720330461276
709602900178894860
691252747525423105
344444664285233162
588826901762801675
616383958485172224
650875737037078530
765130481821286420
866528956581019689
691942315115151391
878038917159485460
760838641723113523
866385696620544070
876381522062606388
314624543404720129
877680341274493058
762876707673604126
710955226860879972
879905160904716368
495365635946315790
788204508013789224
666940359212924928
749722103607197757
878036358566912041
857115016385789973
803441362602950727
581547969380089856
620760885148778506
876378791415537684
878037676895383622
486343292703866884
733035525904269384
788021774171766806
878031159613878372
809605631056543776
584504653090258944
876380859882684417
877677483875512370
696526144199196682
841227769941065808
403306159559409664
750746261052850373
808862538229481493
546068342683992064
696225639404929045
810099409533796352
878037816217575465
837498520121376818
206547412683194368
828825033496985640
513449810779570187
543110684750249990
847512495174189076
862518003547897856
395757119716065282
876382164554485771
568091550354243599
722797865738698763
633421612594757642
858735348351107092
718592446518394981
748566642488770650
633085248661618688
810976097696743454
878032015432224848
878042155116032080
132291393312915456
868214479878496276
700677389738311831
792054299622506536
878031147739807808
876381145233776640
755610429421781004
235010589792010243
840690819249209354
469605061614370836
878029190128087051
877531449597763594
644579530866032670
853383568116809728
391633262361182219
878038313129365544
847731446156361748
881731694116364328
706503718278922260
777295752166113281
665321603281846296
312587180029771776
878033174674944030
529770495445434378
878040989493788762
745791977773072495
842289657983402015
797395240087846942
877677481509920768
877682865700220989
670402067034013749
628197469079076874
878028818810556478
708105531918778389
756871352039899239
834427030551527466
564637074049728524
840695877790334996
879378507485048892
755616038728630283
769923548214591520
850643923155812363
535077389579976704
734433468326608997
878032034864447508
761877645033078815
831906851821191260
883556888904622181
727795085055492096
322377034720477184
671488537564151816
748087550866096147
605236493941997593
451051378601754674
878032032045871104
879150696686051358
760858658099298304
876382309849391118
703262681183813763
878032169669390366
583246872001642496
761113618972409888
784891237962219590
786710039670292551
768984220604301314
859977200559849512
820002247702216705
811453063977500693
776583863229087745
759995706290995201
740263142831030424
788970018464333836
877682617951080469
877682440515248148
275814538874716160
539224115056476161
773326933148303401
770181136046620713
816645486713896990
766712059253227573
234395307759108106
695870898678267927
838599923737559081
723431418902085634
720677460148224100
847447626155687976
876378090497003561
850858889637396510
563134993971281921
876378023497175110
405893962709336076
855926132645953556
858379358489018370
511708096721321984
239688300691062784
478549117820469268
650196342420930593
738131466034216999
878037135029043261
733735537348706324
877668744195874897
845641572971184148
858879006019289108
878030931787677707
808475957357838356
593075721975496704
605764331056922625
808949806994292747
745759299028123688
471437295518744585
877670493694603285
357303765646442497
215133993916563457
878040427738046464
877677065346887752
822134262127656991
877669406438723584
830794166120087573
285694230683451402
877669283486904401
877671094612549723
822598586176110602
707044059398668368
662099939937222737
752789802335731739
877672513025503263
775431012842733598
878029818774552646
628391209940811776
443505984711950346
876378866594246676
679692779214864409
827596885086044180
867870896256712755
300132239189082112
846103885579943986
704907578660093954
878039100463124481
809541334876028978
768760039199735808
755980199039860776
792826277261737985
671170029500366869
777055858193727488
764196554306879530
688908934232539146
434614199793221632
802769938405392424
878031866714787851
423535431561510913
850416668828368916
865786064379183125
766429450593894401
879905160497889371
744606365208805457
686727337618047066
743424682597941329
847429511242186753
801455606942662686
850455254842736670
854462186055008307
878029109211570218
877670695511924746
706930822816464977
285111711630098432
771863678420385793
874069079001018428
665495094065102848
850634487280042015
779584366660943893
469649116872310784
714387609555697735
615235891409059851
879905160149758013
723686388515602444
876209802924159036
878031936008904754
805119729487577099
878031089069871156
848428093308010566
750166352307814493
485209608709865516
798361830488932393
876382158602797077
881867072999653458
878036550011732049
698922517192245368
879903726524067841
876380206573703178
205077926306250753
877670863468650526
816011261048520714
740791302928465974
653263858701697024
876380671512313866
878040278550863982
877409429673373706
724011582421467206
783767904273039360
870800782960754738
649101197021806602
555546890993795092
748533137574854757
672855834388201483
798590962364055583
596872209117741056
850718325977513995
485317442919464971
655488776239448064
877668104866496552
850620030781095946
879903730911293480
315668324505747456
749833687943741530
520678008856772638
511253909071724545
606939144165261325
233274532855676928
766723407873310741
763496438666887210
878032247880577025
755185709446594661
875512265758089257
811096396093980672
700352221753245747
603608804340400129
802450601682010122
863004983918460978
878036425050816523
803713141283749919
870534883682955264
858040964916051978
833780372478492692
804214461673898045
845522206197022750
872887280535232603
877670574070042675
746200091265728523
799739411579011084
864757215663751229
727774557636919366
877678512276926474
878029044174696589
822730269869080586
496336256729481246
835913943276322857
878038966086041681
471973964319686658
287674855237746689
639288864690798602
610681564942041108
640612382435180566
591769593635274836
867443591269974018
876381797724848158
661379584159383554
745685388055543989
775021321498918962
827985479349043230
878040034975027221
856072404312522814
567314619966947329
756978631024181349
876378081726713916
519243429545508865
687497967816409088
500091693786333184
695005695996854322
829062660456316989
727254852996038716
878030105677561856
335604863155175426
878038085462544455
799038057587539998
879905160447557742
595954894863597578
856110534914342922
850383760737435668
878041951914577950
472614973244178432
879905160980221982
876379829400899584
538734294076489747
842560589208616962
354453497921667075
784098439445217340
615258810377830401
562241645106561025
206529833394634753
878041784167575573
879905160086835212
375786165590032384
456857241593708554
877680373885194282
369349265992056832
850015498968236042
393019093462286338
800800021196832809
326108774630686720
205170436760272896
759406701182189609
531557681606164490
758885748694319114
601015558040715274
415063336095318019
279697742950039553
882877076837920789
877672522466852864
518864439009869824
694673163623071824
850091863792418867
877670712834404362
878033208715923477
852511799466786830
839162679317889045
878042274255212554
421434532852531220
484079584414007318
749000625307779136
877682296130523177
698140178530828299
878042285038768139
878037521647419433
715779117315915836
877669504015028244
759190527257346089
783344912564879360
876379613884997673
807616981711716362
878042748572291103
877679696924524614
878038377008603187
878039287474565201
878038474509389874
878029620052639854
809171531372298261
878042947151609926
410198965296955394
631380485569904640
333801187474407434
878040529798045756
786328417753890836
849798665311617095
274668041038725131
806732430148370442
719780558347042846
878042655064481842
500706298476888068
668541833835708417
668422626862956546
876380021181272134
538530830910226443
822492426761142294
370605995749277696
826271651519660033
407637589001240577
861019861580120065
762948108228493322
462254694102990858
879981831548723200
740391434330570902
795841783774838795
673622813084483654
418306922999971852
843597881730662470
876382550614999060
819704827767422986
878032198408736828
661992024458919956
878041938576683068
789234087113261056
711239770013040700
878037495483338824
268802331162705936
877671099943518318
849553567878742026
732539088984604733
836491023940714516
756235616294797384
804166079656099910
614867328877985792
753682914448900287
878035601046257714
831212816005988423
877677434370129951
809423394076491776
810778500507893800
635094251499421697
319718133151694848
878042366466986015
751796450769502258
774503217068376094
877668690005471323
852680882489917471
760911215286288446
876378720938655744
536588434798804993
771774871205707786
877678793270100028
748360608159760407
729775602394988604
849801567955320842
878039569294061568
878042845477478420
575817567772344344
564595534854225960
856966702309965874
655646359264952330
853130983271170048
734578557929390153
878039492991275008
657659439322628108
768971180216418364
769683510025257002
771053795207151616
825090731425005629
753026286313799730
878037888762282014
879905160581746690
879905160871149620
810412422937444393
878031607062220860
782693785841958922
825627566391427132
881577564433432636
878032756993556490
878030986582036491
884640730918842418
879903727006404698
821266132593541151
877671048198369353
878040468204687430
878028630037512222
788500582520455211
876381655143698432
841053801561849916
877672237229047839
728511261897130045
800394312533016636
742843789529579611
877681413502165012
470003653022056461
804205910506340422
849113636441948160
847558456645910579
590074652983033857
785501671814856714
744777895381041173
426931498277535745
815999818685087814
803710513640112178
847361927525040159
637167464844886016
699885247193677877
878040441721876531
755159236115431554
794969774919778346
796486771105595412
852728538049675286
652972540372975626
877679443953459221
646102821489344523
878032675930275840
849302950940508250
747336333361414204
722144356143857767
877672382381293608
879826527229972501
824249461005484072
878031238542278667
587380083476398093
749317022503927850
660625561294471169
332485787322941440
878030834035228683
847625166078476329
593946411670831104
280483580482945025
156390873033080832
461683633577525268
675545178366279680
617085566609260555
574541634218491905
211284989508190208
876380040114368534
878040108073357364
535659506546376705
664280292554440705
555918252014829568
698653468923002921
460630735666282496
243259159368171521
878040502044352543
854536258403434516
877671591176183840
722196398635745312
441804536214978560
877669268018331708
708915479594663938
523587377810112512
879903729212592138
846926062662582322
846428679072776212
591337363675021332
832669326111801416
878040096278986772
845868605999677480
800865681209294879
438823029422817281
876381846877925386
775808845578633216
877672613604917340
538209797384699907
878038713639260202
761063178058596353
686768165883215979
835529192304148570
879903727258046524
325030233688375307
699183777657651301
565608374100688917
821807887415377961
877681587897126952
852927466673537105
726960989702062150
878030155442978848
724884152658296862
705462814122442857
852798824207613974
878037792930816050
782558002690916363
847866461862887445
878036712234815489
755327271694368839
187364305224597505
719223566121304074
694421589567209493
807903226505855016
845580596482408448
783457887481626654
692439040984744026
589038749464133633
876380148214136862
877678426071371806
615104342998908947
701390457887785040
694350078697144330
815499359969607701
695916874537369613
877671139831349338
850514774692593695
691141706736992296
847558973686677535
850357680777592913
770668575987204096
878031604516257844
874084981549441035
659748072968159239
505081889925890050
514624837432639504
650561327345172508
876380602847359006
742448917223833680
869290623390326866
877677512044449852
875174867442479157
686057450515857536
878029944238788628
774419779767107594
552804919598645258
561475496815230977
615517114840776734
676173636033577002
870762580774371438
877670753531731979
873453301386084373
879903728520527872
876378750378471444
677049611508121600
877670850948636722
871916461961146449
764415793848909864
879903725622284339
712853412408197143
458276816071950337
698545298959630418
400873883143503872
879903729212596306
747721276034121778
527917375950028822
465963032724635679
639891029268496398
863984532104675340
660747647430164490
873457633460355092
876382097588248606
735098500366204949
807732305690361876
877668558614708334
877680627833528331
879903728457613322
878032105332965397
851557328993779712
567602873957875716
820944203999215626
835116599014588446
876322404450828319
878041488049733723
791830387663175700
646882566745358336
879905160439148575
878036552532520960
747109736524021772
794335256898961408
878036662477791322
548966609897914380
758154536988180541
878038624095060011
877679677559406632
809081196830261268
878038308620488755
748442018060959765
873019952343433316
878039264162639882
878036180183175178
697420733512417280
877677067771183206
878038542842994759
877677545372409886
877667557602107402
878042586433093653
878028616112439326
877681971520733254
774002445088325662
753265050797736047
877671058466017390
716041302558375996
876379341628522496
876380137329926164
723313001888874596
848483401665085440
836640058970079252
771425395258032168
539535672873058305
878041879399243786
853038662978371604
878035684240265226
880172382201999360
703993133289046128
757243311059894353
533876800095387658
825000236241649664
518114825214230528
792850912632635414
803986507332583445
878037670654247003
659240453471731712
878030670893547520
878041630010142830
845547771338555432
358329743176761355
810718634644209694
876380950282526751
877671038530486352
758057392918495383
310137547600822292
876381157321756723
359064905850028033
878032820424024065
745102912367231037
877681396691374101
353419002308984832
665635016138686475
718909866206429228
852649179624505395
670446035008749588
730386180461559880
646080197736529981
670645655680843786
351133938720440320
877678089461710899
667642597488984064
802690909879271474
741678771391823985
877677502473052160
877676975349727344
878030131631906887
792590339281518633
878035965766168606
368016436247003136
878030228662910987
864358026143989791
834058609498390538
800553733960105984
557930592273039370
586208935346831478
378689895272677377
878029990803963916
777633192471167007
757917161967714315
849287069065805845
825715507969523712
376787998806638593
877677813308723201
877668173120409650
697031083983634462
442455426655584308
850652623237021726
474228324890050560
850459477596700752
878040441801556048
877676769740734527
777393349539135488
245201813035286529
802414551287070750
865954310160121866
878028813404102728
876381766410182716
835920286141907005
854164422582337607
859272354773204993
484503798824435713
705437364570292226
870087553825505311
876381828989210624
867502112510181386
877670138776780880
853792638451712041
800155668371210250
716179517890232351
850627921449451562
878041928854282270
876381874451263498
755295016733114440
813959380214743060
878029351789166602
878029292095823933
877679392262881280
867711269184602123
605422946756067352
694345271215128577
878030947554037840
696529459720880168
711988418783084655
878032640932974633
536295555685679114
824585906501320734
831528710715998208
758728407981752351
858138929424367646
760828422959530024
853221712212394035
879903726725373983
794302784244678708
543658372390715392
683797496593645619
849311851699372052
491343752393129987
761041148147269673
742255495032602666
803344843736481822
792158319967076402
633111038341939201
876377718453837895
785528799642910770
878036037887213569
881232514847502386
879903729359413299
878043314576826408
638824148293910529
878042566724046859
767682115558178856
239832138541694977
820948750038073365
876378066455236648
878038080152555551
699518034678906911
478359408406036480
863668080868589588
417410382278426635
876380062742622218
756994965921333318
850514473847619585
752381348718706818
878035628401500200
877364002177556551
858508739853156392
821063918969290752
851050064704176128
734977383139901471
808643993319505941
814228979187187722
730643725541441606
850143265386528838
876381039432458250
747287351314743356
826072483727016007
802682184472723467
579503342842150915
391063514921566229
850193348987453450
878038526061600809
878031408050872371
697718681056313346
515067662028636170
677660992964001824
878030619865653329
709533984312524871
843922765701971989
840062487331209232
800364942619836476
774008992929939530
548632760667865090
873168199242362970
782184293778718722
724218365664821268
828780554870456374
878039002349977631
263733800519860234
835693348685217842
878037851898519552
877672191666307103
814800684616122368
754283411622854726
801254755166453770
855965686413524992
816308337830264882
878030044688187392
878030224439271474
878033112737673256
878035526379274290
877668681516212324
694957647937667293
761313630523490336
876381026400743424
805798762059530290
821279635014418462
564014408834088971
872288581870293033
878035938163437638
876379880563040266
720355203647406213
878030685531680828
446425277208199179
716013343680233585
660402292905869322
875453732761010176
622941909576450048
877681419512590346
738848778831790080
759642346450583612
878031994854965258
802460167408058368
760207828471513140
758017356457836574
749349988353441823
834624336324722690
791086546219958302
877670182418542602
795921940375273502
651783722361946134
607531766970056704
681019551919505418
878031079238422529
716743246818050089
852920930082226187
783563071330713610
821913154321776661
879905159134720051
878032360715726879
569960651439472642
878037024299442256
806010690270789633
762886442027450378
878036716827607060
794985118665539594
877681064024358993
741946896955867200
836536988312010753
250096538422870017
517156806942916619
877671726060802118
636762813406117904
879903728415682570
866717431447158784
860586523442151454
777284868291559515
803168046918139904
768556461265387552
877679842437529652
580848716378800213
878037051142983691
876381465888313374
696298968275222592
878039882486915092
877681942735229038
873840213351346187
867561756066447440
878037911520575488
853687927989207040
342849313048625172
720826246724059230
697466640022896731
846318310391939112
386551743259082752
873559151496790026
729831618939846728
410973839280046090
877678567964684309
877668029280948264
650383996798369816
878392170732716143
820594557028401162
878030166142619699
813250437402329108
877678734281433119
777040544323993621
690729047767908422
787924192913915924
879905161898782730
845862384412786729
666774564042178561
420281613214285835
869712301106819073
425199800418566144
876379608537255956
393391804843687936
850542615682482206
718478283724816436
661389999723511817
758441284213145630
587404348318023746
269490840320081920
824968363985731634
394822735647211521
878028636442206208
876379050208296980
878036672305037312
878039655700914246
781414857093152778
799070036455063552
824352610348957757
287466094271397888
759052420444585984
837036576948617236
837290539677122580
617704932367400960
877681173554421821
852518145860173876
801770603006132285
878042986544525432
792546524403728404
506192730670628875
878031391089111110
792304362378625065
852912395139153930
663855962137952306
